5.75279279399316	-0.297178630212099	-0.283124408378203	-0.125643532866517	1.14629645161163	1.35352492859902	1.30761037162256	0.895933849697849	0.00984203863086635	-0.962005917082196
-0.297178630212099	5.8812264502874	1.03222295964328	0.528293009073497	-0.893463360444753	0.651967687147333	0.368262741110892	1.21178739255823	-1.00648295365506	0.0102109246082062
-0.283124408378203	1.03222295964328	7.61564093793531	0.283623823641217	0.43404019131984	0.476460041701789	0.908382479171327	-1.07495786045507	-0.735473104318888	0.577711803542361
-0.125643532866517	0.528293009073497	0.283623823641217	4.76786402413185	0.768872625643155	1.09236555621234	-0.0259748060446927	-0.974556735292576	1.26820712938839	-1.24822508360355
1.14629645161163	-0.893463360444753	0.43404019131984	0.768872625643154	5.69038213052007	-0.368311680094054	0.031466044651925	-1.33791933607878	1.38409271492024	-1.52192967595354
1.35352492859902	0.651967687147333	0.476460041701789	1.09236555621234	-0.368311680094054	6.63195094854343	0.0727237298092406	-0.55874398533842	-0.402283740613776	-0.209099788261867
1.30761037162256	0.368262741110892	0.908382479171327	-0.0259748060446928	0.0314660446519249	0.0727237298092409	5.20735852627193	1.14775119036028	1.38917743775517	-1.04580663713873
0.895933849697849	1.21178739255823	-1.07495786045507	-0.974556735292576	-1.33791933607878	-0.55874398533842	1.14775119036028	4.31220221967715	-0.0905698829456589	0.782310035583795
0.00984203863086652	-1.00648295365506	-0.735473104318888	1.26820712938839	1.38409271492024	-0.402283740613776	1.38917743775517	-0.0905698829456588	4.68908511211416	-0.631540703705045
-0.962005917082197	0.0102109246082062	0.577711803542361	-1.24822508360355	-1.52192967595354	-0.209099788261867	-1.04580663713873	0.782310035583795	-0.631540703705045	5.35149685652554
10
6.23664965475134	0.110319824989038	-1.3422678729574	0.178329611690394	-0.592944458650873	-1.11509782500398	2.00008254442796	0.113392934698724	0.366323597104276	-0.400156479635244
0.110319824989038	6.35403883809416	-0.537942223706328	1.63512396297686	1.08598723423452	-0.226165407455568	0.289491270087398	-0.812975192314833	0.800539373706946	-0.163945485845187
-1.3422678729574	-0.537942223706329	5.41812262566203	0.881751716224709	-0.332941570794904	1.39130649440733	-0.0727709187030637	-0.51531933056378	0.325497165471911	1.06896418570903
0.178329611690394	1.63512396297686	0.881751716224709	5.28956401999058	0.520087630716711	-0.483358525217355	0.143439512253377	-0.476779974266483	1.05509685690794	-0.889124691541935
-0.592944458650873	1.08598723423452	-0.332941570794904	0.520087630716711	6.16705779744217	0.701248369489462	-0.390722631098084	0.821325470785849	0.903833758340609	1.19136989541872
-1.11509782500398	-0.226165407455568	1.39130649440733	-0.483358525217355	0.701248369489463	4.32751157338095	0.576876161540951	-0.82261637131855	1.37405984623148	1.25410881510536
2.00008254442796	0.289491270087398	-0.0727709187030637	0.143439512253377	-0.390722631098084	0.576876161540951	5.92678127713241	0.13507259402122	-1.03922030103759	0.880253007619223
0.113392934698724	-0.812975192314833	-0.51531933056378	-0.476779974266484	0.821325470785849	-0.82261637131855	0.13507259402122	4.22170069174132	-1.76144073183622	-0.995464797298556
0.366323597104277	0.800539373706946	0.325497165471911	1.05509685690794	0.903833758340609	1.37405984623148	-1.03922030103759	-1.76144073183622	6.12597894303204	-0.41781114118943
-0.400156479635244	-0.163945485845187	1.06896418570903	-0.889124691541935	1.19136989541872	1.25410881510536	0.880253007619223	-0.995464797298556	-0.41781114118943	5.92259457877298
10
5.99960069396708	-0.350040166883575	-1.05913376560153	-0.864149814231761	1.98702969578499	0.235878982402195	1.13722269264632	1.09489032052402	-0.0022999711384739	-0.0779023481542233
-0.350040166883575	6.32600725041853	-0.0910173466257968	-1.67470391565809	-0.785954576867388	-0.684149827058735	-0.124762718128589	0.00374743290905307	0.926986687974191	1.45142281214751
-1.05913376560153	-0.0910173466257969	4.46444909108734	-0.136591456177875	-0.0086807015292442	0.541309847663972	-0.107603843264889	0.62737091496775	-0.00473621236996949	-0.659898337665045
-0.864149814231761	-1.67470391565809	-0.136591456177875	6.03677787165314	-0.315097188458557	-1.08968673293495	0.271366181260005	-1.18004851884737	1.70798562835206	1.11871191294683
1.98702969578499	-0.785954576867387	-0.00868070152924411	-0.315097188458557	6.50176547876008	-0.928293412274227	-0.320197608082539	-0.214754181213907	0.272400711027429	-1.78354534773325
0.235878982402195	-0.684149827058735	0.541309847663972	-1.08968673293494	-0.928293412274227	4.55164123042663	0.0241041224035714	-0.500555728424804	-0.0473622515476352	-1.13575801630073
1.13722269264632	-0.124762718128589	-0.107603843264889	0.271366181260005	-0.320197608082539	0.0241041224035715	5.09972155625067	0.0970961904305642	0.641644841600484	1.0664095942395
1.09489032052402	0.00374743290905312	0.62737091496775	-1.18004851884737	-0.214754181213907	-0.500555728424804	0.0970961904305641	5.04360266677224	-1.36368526714049	0.273905177407702
-0.00229997113847397	0.926986687974191	-0.00473621236996979	1.70798562835206	0.272400711027428	-0.0473622515476353	0.641644841600484	-1.36368526714049	7.39151979376199	0.117356479787436
-0.0779023481542233	1.45142281214751	-0.659898337665045	1.11871191294683	-1.78354534773325	-1.13575801630073	1.0664095942395	0.273905177407702	0.117356479787436	4.5839143669023
10
7.55397808406431	-1.65089590632583	-1.51910070178664	-0.0499745853973778	-0.659740081039307	-0.529979806927046	-0.270055022433463	-0.507416779268852	-0.845990736294962	-0.189032340899303
-1.65089590632583	3.24813110305045	0.651964247807038	0.1054834957877	0.191857169408296	-0.576801080500956	0.511668953173203	0.701664198472172	-0.660682380540515	-0.837181856787045
-1.51910070178664	0.651964247807038	5.62048043234948	-0.504940079020303	-0.394502605191925	0.687206883056632	-0.541799057316535	0.584800268783144	1.0822138817161	-1.06422678935269
-0.049974585397378	0.1054834957877	-0.504940079020303	6.35544602081072	-0.80530928375783	0.28142249489241	-1.71622036253317	0.122932173499689	0.474205949884724	0.651258347642832
-0.659740081039306	0.191857169408296	-0.394502605191925	-0.80530928375783	5.77322677582348	-0.346176838602565	1.79285734528973	0.129172739820862	0.424783300926401	1.87104415520451
-0.529979806927046	-0.576801080500956	0.687206883056631	0.28142249489241	-0.346176838602566	6.57748540992274	-0.0908311367831525	0.769512630150678	1.75918026180201	-0.53564036247523
-0.270055022433463	0.511668953173202	-0.541799057316535	-1.71622036253317	1.79285734528973	-0.0908311367831526	4.44397553335956	-0.781547233103342	-0.884329786863235	-0.432684406953498
-0.507416779268852	0.701664198472172	0.584800268783144	0.122932173499689	0.129172739820862	0.769512630150678	-0.781547233103342	5.99458031643596	-0.186109149738085	-0.0568549068028751
-0.845990736294961	-0.660682380540515	1.0822138817161	0.474205949884724	0.424783300926401	1.75918026180202	-0.884329786863235	-0.186109149738085	4.62133209953048	0.4217397389577
-0.189032340899303	-0.837181856787045	-1.06422678935269	0.651258347642832	1.87104415520451	-0.53564036247523	-0.432684406953498	-0.056854906802875	0.4217397389577	5.81126422465281
10
6.23964103641736	0.110459518958706	0.436233137155993	1.76010464050943	0.202020042860653	0.155953071088934	0.291604764835335	1.47477221993719	1.58150970422585	0.321818464230548
0.110459518958705	4.10776227848366	0.0287788974203169	-0.681016296285424	0.356000776865621	0.842594382511894	1.50274678190108	-0.722101610179784	0.733913654059138	-0.779393568532392
0.436233137155993	0.028778897420317	6.81817712134774	-0.00123514914702395	0.625649309047519	0.285383193866228	0.125739610034409	0.50049244683846	-0.029476519282728	-0.774508686450547
1.76010464050943	-0.681016296285424	-0.00123514914702387	4.83992927391319	-1.01292445887522	-0.00380678236884261	-0.60120313010288	-0.0674309610931393	0.502261236622635	0.977914704647971
0.202020042860653	0.356000776865621	0.625649309047519	-1.01292445887522	4.64357301563529	0.411295193677781	0.366391342063261	1.14906011546107	-0.106523291559053	-0.304157459112524
0.155953071088934	0.842594382511895	0.285383193866228	-0.00380678236884263	0.411295193677781	4.51743973779556	-1.25962025669507	-0.281169403501658	1.01052965062666	-2.02877473238108
0.291604764835335	1.50274678190108	0.125739610034409	-0.601203130102879	0.366391342063261	-1.25962025669507	5.72524385124599	0.095116302901483	0.263610264252827	-0.724428535032803
1.47477221993719	-0.722101610179784	0.50049244683846	-0.0674309610931394	1.14906011546107	-0.281169403501658	0.095116302901483	4.45413847301648	-1.57609544368028	-0.676301403634155
1.58150970422585	0.733913654059138	-0.029476519282728	0.502261236622635	-0.106523291559052	1.01052965062666	0.263610264252827	-1.57609544368028	7.50083582072578	-0.810898398538404
0.321818464230549	-0.779393568532392	-0.774508686450547	0.977914704647971	-0.304157459112524	-2.02877473238108	-0.724428535032803	-0.676301403634155	-0.810898398538404	7.15324939141895
10
4.47217073015968	-0.00990562143015418	-0.51920076069017	-0.426597973397852	-1.3923537300321	1.22780295365378	-0.0591346811198471	0.0822544135689902	1.27509007985701	-0.955590436829789
-0.00990562143015424	4.55546474150586	0.313434564030074	-0.965555660551925	0.159400648738682	1.48624294698844	0.263793950564348	1.19269655716605	-0.0466668272241019	0.0405743976626695
-0.51920076069017	0.313434564030074	6.03987044000346	0.19568737018138	0.899068222946503	-0.679908567281148	-0.00368518536088496	-0.410198212982518	1.52035260564513	0.226004110798641
-0.426597973397852	-0.965555660551925	0.19568737018138	4.43065874820193	0.637893451702258	-0.531303741191801	0.847357607184689	-0.734261420277934	0.227820779630432	0.504683368485851
-1.3923537300321	0.159400648738682	0.899068222946503	0.637893451702258	6.99929262189348	1.08940460890363	0.598416178636495	1.66236347436843	-0.0668104207832981	-0.614944347295013
1.22780295365378	1.48624294698844	-0.679908567281148	-0.531303741191801	1.08940460890363	6.50455375194989	-1.97703043339426	0.867953531842437	-0.226887931888688	-1.54992340250313
-0.059134681119847	0.263793950564348	-0.00368518536088488	0.847357607184689	0.598416178636495	-1.97703043339426	7.47089482570694	0.251011311810442	-0.868665755892773	-0.766208086969622
0.0822544135689902	1.19269655716605	-0.410198212982518	-0.734261420277934	1.66236347436843	0.867953531842437	0.251011311810442	4.36039388693857	0.0977865934681039	0.871187574035585
1.27509007985701	-0.0466668272241018	1.52035260564513	0.227820779630432	-0.0668104207832981	-0.226887931888688	-0.868665755892774	0.0977865934681038	5.80650478947296	0.0312315474927012
-0.955590436829789	0.0405743976626696	0.226004110798641	0.504683368485851	-0.614944347295013	-1.54992340250313	-0.766208086969622	0.871187574035585	0.0312315474927012	5.36019446416724
10
6.89489858328962	-1.10621560412855	1.21985630934576	-0.979786086190972	0.0168465252239905	0.163633851209716	-0.339878975378853	0.227957769472214	1.26792265250022	-0.823977887273327
-1.10621560412855	5.47741030174221	0.299436140058279	0.825131102228891	0.213473134731935	1.47434355711945	-0.754933243820579	0.500171309665227	0.2393563448607	0.420498304167162
1.21985630934576	0.299436140058279	4.40667297762428	-0.2059970121844	-0.409872381777669	-0.0699110408375443	0.934779543144998	0.0925913952625605	1.82839050283862	-0.515528809381893
-0.979786086190972	0.825131102228891	-0.2059970121844	6.01834741000661	1.54482815767574	-0.457354918320077	0.28119729925453	-1.41801447348362	1.00062727714447	-0.571793839036441
0.01684652522399	0.213473134731934	-0.409872381777669	1.54482815767574	6.00093786394551	-1.82870034148584	-1.32142285370445	0.835401984699248	0.607726810844261	1.42435808917863
0.163633851209716	1.47434355711945	-0.0699110408375443	-0.457354918320077	-1.82870034148584	4.73577555302934	0.323700931642022	0.696332414504217	0.0271659960933742	-0.702316929222447
-0.339878975378853	-0.754933243820579	0.934779543144998	0.28119729925453	-1.32142285370445	0.323700931642022	4.33743995830976	0.60561307270097	-0.168059002164126	-0.771559333171876
0.227957769472214	0.500171309665227	0.0925913952625604	-1.41801447348362	0.835401984699248	0.696332414504217	0.60561307270097	6.13801400067575	-0.908746142104254	-0.275281036000857
1.26792265250022	0.2393563448607	1.82839050283862	1.00062727714447	0.607726810844261	0.0271659960933742	-0.168059002164126	-0.908746142104254	5.38426850309779	-1.24522215534771
-0.823977887273327	0.420498304167162	-0.515528809381893	-0.571793839036441	1.42435808917863	-0.702316929222447	-0.771559333171876	-0.275281036000858	-1.24522215534771	6.60623474827914
10
6.0889798427341	0.128947146534397	-0.979224411299309	-1.82906131432887	0.603174077245527	0.355731714041705	0.225346704916239	0.930706147323733	0.586659392256088	-0.44087425839894
0.128947146534397	5.45845529027997	1.33100487840132	0.408167477943815	0.606406917751038	0.065370247604614	1.41134765123776	0.577938470538537	-1.79538962588587	-1.0874380666109
-0.979224411299309	1.33100487840132	5.54909392538213	-0.158072441247346	0.346140778765566	-0.562205508630508	0.193664191265615	-0.128866011261268	0.00156360725099214	1.60890343978224
-1.82906131432887	0.408167477943815	-0.158072441247346	7.19473684818712	1.28821038195477	0.418996760311601	-0.255749496005684	0.313527534256956	0.443117847915649	-1.26374598087185
0.603174077245527	0.606406917751038	0.346140778765566	1.28821038195477	3.94699721794266	-0.153477425706825	0.947083570183768	-0.721586141655381	0.602161412152978	0.0295493576928333
0.355731714041705	0.0653702476046142	-0.562205508630508	0.418996760311601	-0.153477425706825	5.13359983744891	-1.69508787191869	0.547815516726027	0.243777677737733	0.562667514781326
0.225346704916239	1.41134765123776	0.193664191265615	-0.255749496005684	0.947083570183768	-1.69508787191869	5.68253875138596	0.157158347569636	-1.41783880781256	0.405850988222856
0.930706147323733	0.577938470538537	-0.128866011261268	0.313527534256956	-0.721586141655381	0.547815516726027	0.157158347569636	4.56700766033433	-1.80523358261944	-0.0014060055152845
0.586659392256088	-1.79538962588587	0.00156360725099225	0.443117847915649	0.602161412152978	0.243777677737733	-1.41783880781256	-1.80523358261944	6.7837229364378	0.260204516383409
-0.44087425839894	-1.0874380666109	1.60890343978224	-1.26374598087185	0.0295493576928333	0.562667514781326	0.405850988222856	-0.00140600551528447	0.260204516383409	5.59486767986702
10
5.15448336911715	-0.602790925355892	0.0477680066010672	-0.311704807701752	1.35507874117275	0.89248121515509	-0.809983971752842	0.237989175810158	2.51449433204721	0.0767280959968668
-0.602790925355892	5.18821435222029	0.276792490242385	1.08154941557407	-0.726575343520337	0.470839037908948	0.728106585983696	0.575222696382811	0.0929976423888905	0.620908146604662
0.0477680066010672	0.276792490242385	5.52504421363328	-0.664954924882986	-0.772121868520719	0.25472524742138	0.969684301460628	0.846794604121984	-0.232938984872708	1.35219673486542
-0.311704807701752	1.08154941557407	-0.664954924882986	4.72284626838033	-0.835676614762302	0.450407317489066	0.341142388004044	-2.00334513771248	1.58504669914504	0.0629821583377039
1.35507874117275	-0.726575343520337	-0.772121868520719	-0.835676614762303	5.55475933799654	-0.625198596082187	1.00325618017323	0.148310033516069	-0.778496749223714	-0.025202007818482
0.89248121515509	0.470839037908948	0.25472524742138	0.450407317489066	-0.625198596082187	4.97862291232089	0.595781694505035	-0.181588041266542	0.803328135084712	-0.458953038330331
-0.809983971752842	0.728106585983696	0.969684301460628	0.341142388004044	1.00325618017323	0.595781694505035	6.03709867029373	-0.85608972109201	-0.701733188302335	0.748182715089061
0.237989175810158	0.575222696382811	0.846794604121984	-2.00334513771248	0.148310033516069	-0.181588041266542	-0.85608972109201	4.49221417295481	-1.28935650108564	0.803844894790251
2.51449433204721	0.0929976423888904	-0.232938984872708	1.58504669914504	-0.778496749223714	0.803328135084712	-0.701733188302335	-1.28935650108564	6.73290472142952	0.336921563468486
0.0767280959968669	0.620908146604662	1.35219673486542	0.0629821583377039	-0.025202007818482	-0.458953038330331	0.748182715089061	0.803844894790251	0.336921563468487	7.61381198065345
10
5.29078015674234	0.111426301365119	1.36050928810517	-0.232233263918908	-0.177155640596649	0.787057591364168	0.895560930789541	-0.836256780541401	0.841189283235884	-1.98821675895073
0.111426301365118	5.95337366116854	-0.438709792836822	0.795879813339932	-0.476645064978105	-1.21807917572279	-0.167460262777697	-0.991227152377977	0.599493571966644	-0.930210361136993
1.36050928810517	-0.438709792836822	6.42934332048572	0.776174382108666	-0.749979139766661	-0.373296526727395	0.716129020180674	-0.448273323559622	-1.57885998854584	-1.08430731253073
-0.232233263918908	0.795879813339932	0.776174382108666	4.79558883523374	0.160884270506509	0.358556802379477	0.973364798762883	0.708229697141141	1.27631750863663	0.0650888661694862
-0.177155640596648	-0.476645064978105	-0.749979139766661	0.160884270506509	7.44271290697691	-0.0817173213650739	-1.04753626579486	0.384712758993906	-1.05682486100019	-0.396793152877192
0.787057591364168	-1.21807917572279	-0.373296526727395	0.358556802379477	-0.0817173213650742	4.10571495876651	0.447186711441152	0.0227516328293824	0.912309410452137	1.06069197491611
0.895560930789541	-0.167460262777697	0.716129020180674	0.973364798762883	-1.04753626579486	0.447186711441152	5.06896548089859	-0.299992093721612	-0.554604296336901	-0.0621166425667295
-0.836256780541401	-0.991227152377977	-0.448273323559622	0.708229697141141	0.384712758993906	0.0227516328293824	-0.299992093721612	3.697055794396	1.37073701808861	1.08204472304713
0.841189283235884	0.599493571966644	-1.57885998854584	1.27631750863663	-1.05682486100019	0.912309410452137	-0.554604296336901	1.37073701808861	6.70833793183838	-0.262802339376927
-1.98821675895073	-0.930210361136993	-1.08430731253073	0.0650888661694863	-0.396793152877192	1.06069197491611	-0.0621166425667292	1.08204472304713	-0.262802339376927	6.50812695339327
10
